,mean_raw,std_raw,mean_norm,std_norm,mean_first_diff_raw,mean_second_diff_raw,mean_first_diff_norm,mean_second_diff_norm,theta_mean_raw,theta_std_raw,theta_mean_norm,theta_std_norm,theta_mean_first_diff_raw,theta_mean_second_diff_raw,theta_mean_first_diff_norm,theta_mean_second_diff_norm,alpha_mean_raw,alpha_std_raw,alpha_mean_norm,alpha_std_norm,alpha_mean_first_diff_raw,alpha_mean_second_diff_raw,alpha_mean_first_diff_norm,alpha_mean_second_diff_norm,beta_mean_raw,beta_std_raw,beta_mean_norm,beta_std_norm,beta_mean_first_diff_raw,beta_mean_second_diff_raw,beta_mean_first_diff_norm,beta_mean_second_diff_norm,theta_PSD,alpha_PSD,beta_PSD,activity,mobility,complexity,alpha_energy,beta_energy,gamma_energy,alpha_ree,beta_ree,gamma_ree
0,-1.0028831890406749,0.4220473856492673,0.6223078872615634,-1.0018636859475976,0.026052006630590093,0.06461344948286528,-0.9399533430157866,-0.9755219202643135,0.3771300811214645,0.8585839571344385,0.03286530245882005,-0.4550628129539896,0.5934099417450442,0.5933276720882978,-0.6191751606318311,-0.6194501115697425,0.9260729717471987,0.5427711110521521,1.0361400569762271,0.8752174690406468,0.8674014002812844,0.8423189387187505,1.032518391665422,1.0190775401387242,0.5785280841613325,0.049578108424074716,-0.7420797120486876,0.6739269430713138,-0.009096216033664445,0.01407179777249467,0.5478555418479955,0.5830690522439369,0.8863445625155373,0.8185504463153491,0.14081061795072417,1.273423503735886,-0.597300096102723,0.4518334765376069,0.8930799704600813,-0.08581462967333368,-0.12316923613259206,0.7042355536360019,-1.02123290660872,-0.4410159985840936
1,0.4538745738303726,1.1994287900914038,-0.5574964411086798,1.5973192693850584,1.777272555701842,1.7699376419429296,2.1360769129180817,2.04356356644275,-0.9082636596434639,-0.5774099891035681,-1.6918336015254796,3.3190762370713163,0.20160896456476893,0.19683933986310098,3.41414208809942,3.4145336219652753,1.3167668750976647,0.39543670957755184,0.10145009561629445,0.09557609835740774,0.5831705425257184,0.5904943411716782,0.191826768031283,0.19782879894803213,-0.725259030666663,1.8618601864163988,-1.2039451402702714,0.0714592328370759,2.0515790052468836,1.987876728179127,0.22498248810496324,0.16875342815210737,-0.624655211517522,0.4796778159446781,1.7495402162178195,0.4700466190605628,1.8608083978810481,-1.5692264410271983,0.6657510613594972,1.8079267303061968,1.825953198308577,-1.8894719123379726,1.651720778050888,1.8157723149832743
2,-0.8636460758149956,-0.2583131086848762,-1.480325414952579,0.2637583950255599,-0.09183274313953725,-0.1525012123102669,0.280973680830686,0.2427876756338146,2.26144961172401,-0.07726965126927704,-2.106847216396536,-0.3185516059455518,-0.4434043704764648,-0.4453348491760833,-0.4564230481357621,-0.457802027068641,-0.7801487464316399,-1.006023229557106,-0.6355425713330931,0.7489947642195077,-0.9819398027494247,-0.988695115337266,0.7540307922176996,0.7490251944937218,-0.0039644350685036096,-0.16729859411007653,0.6763659759250872,-0.5236348086723117,-0.2164635975732279,-0.18065275917670298,-0.5605243298897885,-0.5199963894709582,-0.38071058026335036,-0.6660147343208211,-0.07348750147202535,0.12292971807888958,0.09660055485764658,-0.10813969212820655,-0.5619285996700754,-0.2554805316620802,-0.10986015785226573,-0.39776814504366237,0.06880125913784527,0.5443655386867362
3,3.0990083449509824,0.02002624571896359,1.6397259159839224,-1.0927099666059639,0.1462358286994351,0.06490413030410021,-0.6934014314604159,-0.8166043454667168,-3.320095823302832,0.1375973285771383,1.6558377562584758,-1.2786053725864914,-0.08870643089966988,-0.08815817916077132,-1.1573918818180555,-1.158356707819476,-2.027011396733754,-0.7804042868690972,0.7118912652917408,1.0779545848781344,-0.8183377416889013,-0.8357482696996531,1.0152550276430787,1.002742508671156,-3.4960560916963677,0.0940134718901195,-1.005659823548647,1.2304530967138878,0.17724511722577918,0.15356199290673656,1.264271462478779,1.2404623723466348,0.19060894363532283,-1.1035076560512864,0.1351965326493218,-0.9752464608515342,0.16439697531742664,-0.05582911044846231,-0.7192871776713928,0.022574759906022975,0.07312743424807312,-0.9268121606673838,0.9958252265587016,0.782767061846011
4,0.3700746848176506,0.04936008520053993,0.188836675637725,-0.5297451267189763,0.22683901707761986,0.2191597413017793,-0.21811670181901066,-0.26696838395864414,-0.03389521924582191,-0.6473163332680463,0.5222330469235343,-0.18392079910170925,-0.45953910517826047,-0.46469192450911906,0.009445275482301693,0.006817178999977516,-0.11081772103300438,-0.2465898283472157,-0.1798952042515999,-0.42134139967104917,-0.2575383873389984,-0.25275627206788115,-0.4103841795028987,-0.40820123553515064,-0.24511575239509592,0.3930159209864195,-0.3124424428699486,-2.6271117063355454,0.19863381244887673,0.21306064423550866,-2.6508336335455107,-2.6526276640744064,-0.5124213907785113,-0.18142708702303287,0.493591482250841,-0.9387776888670781,0.7100659384065533,-0.8097056974690062,0.40270462747135793,0.2955453776006318,0.13065866923044547,-0.2211758892993589,0.48913702749938626,0.04062783638606335
5,0.25112240655050144,1.4117621545337022,0.4802516711663643,2.304057895763023,1.678226030014559,1.6724388891214625,2.448659813709328,2.376573280034956,-0.6116202124143949,-0.11285498547246475,-0.6291056820074851,2.4745751040752832,0.7045458381185318,0.7021628350823338,2.526042888058334,2.528129088881419,-0.09464175838673883,0.8848028873189301,0.3724404067833625,1.9659939559562156,1.3843287523492411,1.3709691751878843,2.2096713834598565,2.20636363772245,1.368013206777169,1.5961900858650786,-1.350565173683405,-0.787772426665882,1.4886827248747763,1.527488305060085,-0.8645298358517917,-0.8302006100994566,0.0032409915192437052,1.0858399541555526,1.6054348497545152,1.1647191430928956,1.2764998753571133,-1.2550011984032055,1.4478678990015055,1.688623464386386,1.7767347530201039,-1.3070289569910578,0.7034809908079895,1.5112544461614796
6,0.5540398645795869,0.015528610733537609,1.183990404780996,-1.3258324177913032,0.07350604977185685,-0.07281984474155571,-0.9228469914207802,-1.0983152510000393,-0.1644985415443757,0.12471786991763437,1.3579333774861042,0.6742097942566809,0.5076585037124505,0.5068295270352812,0.6665843997403246,0.6674791180176262,0.08612626172924279,-0.15777405529093574,-0.6121434731355292,-0.19053277037976057,-0.024135278034470343,-0.028009252927203535,-0.10133857388583974,-0.1036854999319223,-0.37421857366585315,-0.25773521919960457,-1.126683895634182,-2.0561850864436564,-0.38438511204941717,-0.3749492111533756,-2.0719274676913813,-2.073913837888825,0.41047295073779416,0.2199708768562135,-0.21518082388249204,-0.8161219664303349,-0.035840157403916904,-0.08739199878375577,0.0881755914385179,-0.15138917654381767,0.052547319924219876,-0.04165305196972763,-0.7151274723771396,0.4768406582855609
7,-0.7972294339921956,0.22663321639571826,-1.58737833428777,0.46378590865291125,0.08977065225256435,0.08947733079536925,0.27938062163473254,0.27804903694142435,-0.04695041549617192,0.5819766462893367,0.6186220799632347,0.43275569164477273,0.2481638777666111,0.25608317121512825,0.04482719704046598,0.0490372463957733,1.148237261230415,-0.1206807389556833,2.046840505198912,0.23537715616351862,-0.034828176851451474,-0.03169272416946908,0.2771378765979788,0.27996615908389305,-1.4247473447167516,0.07103184622232815,-0.9451744490633979,0.35850763598412344,0.23576708688531492,0.17938595226724682,0.535998311951405,0.4690251903437011,0.49973914370064276,-0.011871866269800687,0.08162340299137187,2.202911047141217,-0.19940316915070425,0.3066460100898612,0.0715480170816095,-0.017780193624469687,-0.06454851464369855,-0.0805241058601468,0.12486686298240392,0.04572104967642686
8,0.2862185857053419,2.0251729932521547,-2.7239149317554743,-0.38188087721892444,2.2108615821439668,2.124977352210297,0.32634750829949916,0.09532466689032747,-0.4678113802541419,0.6174560113183177,0.9103695785528866,0.10535838361190114,0.918635893600774,0.9166283236755006,0.07909271527672024,0.07897659495768028,-0.6334429103090494,1.1853579202273816,-0.8081264549806726,0.679914507351155,1.6096716398504143,1.581497868548932,0.8798882166323423,0.8662748429698729,-0.7399542507094056,2.063661629925906,0.012502246486928634,-1.017490482628644,1.9252045829199704,1.8771792258413529,-1.1019357142104536,-1.1445536568343821,1.0501130745734062,1.443438333313755,1.9268722946834402,1.7622723111163976,1.3039932931146565,-1.1462920826868597,1.779585349604046,2.2801020142449766,2.470089756246856,-1.6698719411758913,0.860170570685217,1.9532292685409287
9,0.4016496347908528,-1.3314980864557526,-0.7435221812433488,0.5772161955176152,-1.1523974500394076,-1.184192550848708,0.1362291750355281,0.25702566726667453,-0.2295434642230754,-0.5501966602595223,-0.09040353764665056,-0.030152685460037038,-0.8145846877414271,-0.8133228935785471,-0.11751162193415461,-0.11718157429415238,1.4000237342443362,-1.6251800079849124,0.9661134552610665,-0.5238835416643411,-1.533394385972886,-1.5463352490912425,-0.40325455581680225,-0.41482223210058927,0.12265468604193482,-1.1814704724778122,-0.5748966170504293,0.08193597220912367,-1.2007410215667764,-1.1975315354399836,0.054998885469793264,0.05829032876523509,-0.8293444686454119,-1.5660789457182174,-1.2275560581512974,-0.874515873812363,-0.4900663007658886,0.4486559403430691,-1.6461980540259091,-1.07056965859404,-1.0242704792358397,0.2699642928331632,0.3687248268846083,-0.6109114904296611
10,0.39104145669484897,-0.08463508773873381,0.7833212459028145,0.5809352850198392,-0.06811836898019664,-0.03092446516882224,0.41835221198604444,0.47920573773846203,-0.1623786567734699,0.07900174024351675,1.1114858554806728,-0.1700253228792819,0.9079301497689606,0.9026189434631926,0.18344236162666927,0.18191986990813386,-1.0019990777037286,0.31869110468060957,-1.1726635839993635,-1.2644637179804739,0.03720746464348937,0.06299529219012252,-1.3687554918576104,-1.3572206845708756,1.2796813127140463,0.11572117844079799,0.32698408935892614,0.48941434519529164,0.09389347947902078,0.13905906632036466,0.42229038080896253,0.48443568507278556,0.3044052990365341,-0.2360857018703378,0.21579121180936747,-0.8792979443643097,0.011883531575682048,-0.1305121701874128,0.36241489360609525,-0.10944362247947846,-0.23092194290549947,0.38926122605183267,-0.23162039750744823,-0.43723386482858756
11,-0.9782544899738683,-0.137767975868185,0.7115953951027425,1.4904644176339972,-0.08370005511157112,0.022336037477702735,1.1090607579142635,1.2914027410688051,1.658152957508028,-0.7724697747192278,0.11093072472458766,0.6021437328541427,-0.723679956725822,-0.7268806394319834,0.6097962529599292,0.6083740105201914,0.39778524696056017,1.1035516357572641,0.877192328977921,-1.056981123009005,1.2587350580870724,1.2637523560795207,-0.9576994866441078,-0.9551556575904913,-1.0508048668127525,0.2193470963893076,0.12576586403719203,0.27424618411711665,0.13593736513038276,0.1359297999429623,0.14352948973019583,0.14602384368469548,-1.0623819573236999,1.2813572856811435,0.31041211601397656,1.4414567981704312,0.4325131273077301,-0.5307344636059549,0.2022583276151435,0.15284924355918963,-0.19531885852123243,-0.01590364623827133,0.9463008091440324,-0.5266484548876068
12,-0.05352939762749807,-1.1049639730914784,0.9170520360786694,0.04646176050910431,-1.4232274666882196,-1.430435843469102,-0.689277749058885,-0.568736426458274,-0.3051555700361571,-0.07139793938607683,-0.6373746374130521,0.3671985124754542,0.049000664993319995,0.05109706239165208,0.31612668927281884,0.317876821257773,0.9432864205103711,-0.17132625682695282,-0.9344116759263762,0.8707831699372419,-0.3457134421932262,-0.34146036202823205,0.705418027650574,0.7094910677457845,-0.2874040241043018,-1.3599085104865312,0.08275490374036318,0.051429299991477946,-1.4432876152981198,-1.4314063582842034,-0.07080062753644432,-0.05534041168729894,0.05916122846219956,-0.7072579396065029,-1.5603133688052564,-0.8885988522268115,-1.494530504674529,1.168428095352148,-0.5588607104189713,-1.2698540495698398,-1.300582402775103,2.217034098422818,-1.9027186669596983,-2.15110251258804
13,0.14847756098160567,-1.0856820838344774,0.17027816888164907,0.5059953754137781,-1.0811725170308455,-1.025392833431457,-0.01536556376059215,0.17739861907765528,0.35558194385303854,-0.7957403598839499,0.7916988799186416,0.30655362349688425,-0.4925005341347686,-0.4950149896029188,0.51856985903297,0.5176904499747226,-0.14528498897588402,0.012914076961285307,-0.9187125751981315,0.021640332876522787,-0.09324950181344617,-0.08615300977288712,-0.054015006984092846,-0.049407407576446696,-0.940490788340607,-1.017040723729821,0.701517587203012,0.6002714263496455,-1.0416962663065785,-1.0367791439394327,0.5328492001042062,0.5420642194501438,-0.8269747553133114,0.016582284263429083,-1.0376005930034014,-0.8506027790396983,-0.5465893607448951,0.2787013421036269,-0.5825505842759733,-1.0071656533075006,-0.9692128346708163,1.3194774745437645,-1.2972089786767165,-1.1844537159664577
14,0.011430149720414392,2.0190874445463187,0.013230307018987612,1.0646246960746584,2.254196491219263,2.295401231149013,1.5493352056040133,1.4423052772554317,0.22119436082285415,0.2923681467079375,0.2502618967837162,0.17465351233373658,0.9654416834740845,0.96546444903042,0.3627701591293034,0.36395024954124194,-1.7328126990827448,1.427598548503834,0.1454785417174482,-2.236975872919452,1.5292430991019168,1.5290336085659586,-2.122147655386071,-2.1243563809999495,0.8689147207285702,2.2590402667248277,-0.8067450982588897,0.6207514798481648,2.3464571609188076,2.3581416970236355,0.6407277149187399,0.6616346760435201,0.5120209995562461,1.7528168755897702,2.0271721099327897,1.4362771357434658,1.3927761381137977,-1.2462412449639317,2.0247819351398637,2.2885161961404363,2.3707878594626313,-1.494305570554369,0.8307278510212704,1.7124204865582326
15,-0.4006024392672069,1.421305125498238,-0.8083297932526871,0.44012889347397,0.8102163141094368,0.8599605354584163,0.1873177130113887,0.15221964297762827,0.20977373555115228,2.059420661314805,-0.43270682595669424,0.3009782271594002,1.9165777756490023,1.92253148879963,-0.12257338116724333,-0.1194007452274544,1.987822326415322,0.4558794796748607,1.4056677474930532,-1.956354484381653,0.21456316275116033,0.19621680214296294,-1.9966605624354028,-2.008416687908172,-0.6520008190565026,0.735203902335013,-0.09682010911044256,-0.02068709558948667,0.8134736812178981,0.8025651292190623,0.04947289775475971,0.04057395387599038,2.0537839549577583,0.4391510949693142,0.7709595279139753,-0.4763755962076251,-0.40900680825336466,0.6606787972388042,0.4752871781057315,0.8230698869314008,0.6952908298178524,-0.9199735932922862,1.0520789329007374,0.7400246644032115
16,-0.5726194716796661,2.131537885127798,0.5064031292342006,-0.8008879611724068,-0.13490250034081894,-0.023532671555733613,-1.672711156444303,-1.694783192793531,0.24502797534616477,4.6272842445377735,0.4803889243537577,0.04145409037746738,3.773392627776484,3.7802869470905103,-0.6787362540047125,-0.6762376017080739,0.5450682780142619,1.5787585910244404,0.20630495783439035,-0.27202523427146935,1.2858941882727783,1.2895432117660237,-0.4579965578861544,-0.45500613501316417,0.24953792349945916,-0.4881524873099739,-0.12287594892828277,-0.6422787869210662,-0.503381036797162,-0.48296517914853704,-0.6289585495335837,-0.6070345309110414,3.9724991554085056,1.258156454492234,-0.3619740833128418,-0.6674829294578992,-3.2016217781249217,3.7519604709430765,1.7616089885817328,-0.3363211169688621,-0.41740074764500157,1.8883253416376578,-2.4338218315616005,-1.3595124255769593
17,0.1538023114238948,1.1418732220308203,-0.16527991140942713,0.3122227917326367,1.3493434161677846,1.435553787551016,0.726883136647159,0.6993733032495444,-0.8542251909863467,-0.4426215478160119,-0.727731534894511,-0.1402119662326077,-0.41536482386565104,-0.4185601571163384,-0.07465156919526868,-0.07630226997186812,-1.875581119108392,2.061982592891162,-0.6622840027471427,0.3009970989973817,2.103919093083303,2.1217253434210703,0.2611377505581485,0.27453108117647596,0.6686043886519378,1.462065841364293,1.399016095052625,-0.7832845567495957,1.4761175261386867,1.464256933937458,-0.7486466323454918,-0.7602122206926124,-0.35944878583113116,1.9605774019327384,1.4490361058840449,2.0853335326529856,1.2711681876838645,-1.1298998090403656,1.552693285718047,1.4003334210342284,1.4259697573175596,-0.920590926485139,0.39041537321407055,1.1255059628585424
18,2.9588605491975644,0.001429879224622979,1.1212376620766071,-2.096675841257807,-0.09362020633154663,-0.13815276064033613,-1.6036375939017191,-1.7256726937768296,-0.24362020918862912,0.2272128477824956,0.5766410492293986,-1.4306378158072812,0.5311403973082776,0.5311849307898205,-1.1053395982468113,-1.106202141205887,-0.04236595087395674,0.4834340698253265,-0.9341750335630737,-1.0305970502774597,0.18940469902740292,0.20627363409137855,-1.1583863008406645,-1.150847136755856,0.70272801266318,-0.23648951975275417,0.596372738273979,0.8274935623575514,-0.25206849818365934,-0.23235290064845343,0.7518363023108623,0.7846256102985324,0.64622108800941,0.2852803709629362,-0.12749545752219657,-1.0038703338399353,-0.2809719737382334,0.10271339807745584,0.14669294527302987,-0.2311245542711478,-0.12390207518887668,0.2294932304646447,-0.7207494905039705,0.0817718961296538
19,-1.3857214388947816,-1.2159746885279377,0.5041833264922104,0.16087634779448576,-0.8622200848749221,-0.9347369680077138,0.08497358767918146,0.11532924722517596,0.9834858282130293,-1.0598628955200742,1.224130063382069,0.3850691641015742,-0.6781199587036526,-0.6851723433142817,0.7026768090491127,0.6989869451999797,-1.9455547924490126,-0.5420533496798097,0.5081104867737509,0.8044250313979562,-0.7282452375821075,-0.7195431212640613,0.6405908901551985,0.6472474725693272,1.4741341891819122,-0.9811219400225686,-0.44922592283417817,0.8161939007169563,-0.9747383459190689,-0.9584455159782169,0.7843492820547201,0.8132957163573802,-1.2370862505155187,-0.8990687338931671,-0.9858340789198546,-0.4395640726067738,-0.018142213267111056,-0.1356354674235792,-0.8661313818078042,-0.9868114346887431,-0.7582975012150797,0.7338149093021371,-1.3484812257036025,-0.2942661280965485
20,-1.398446142023901,-1.1830361202235748,-1.7358244645902032,0.7682712334561598,-1.3439162707620924,-1.3987209533089606,-0.07508396717624284,0.033818052711421735,0.8456396134365564,0.12615300544074762,-1.2416868035912982,0.7488912471487794,-0.2807816153459862,-0.27642462940179546,0.3032856215283367,0.3060933252928937,0.2471982020859161,-1.361718021396612,-0.14508062617696446,2.082455648429353,-1.3762025136497562,-1.365595796362209,2.0128968857448895,2.0236205955236333,0.6309404417156025,-1.5322588915946285,1.0187986949271215,0.49552355120496816,-1.4527889206314846,-1.490764339833429,0.6149608890995031,0.5512821328228333,0.11469276949717523,-1.5690952789652848,-1.733921299333848,-0.6112826324208007,-1.4259754887667893,1.4889821003187569,-1.5882296123750796,-1.3210766546103982,-1.1657015521841796,0.9057830880910649,-0.8205058900708762,-0.8537733191798156
21,0.6537006732897168,1.2914162260865365,0.1879514345002108,1.1875917792894533,1.7264973656908116,1.7229413448727373,1.676814175879202,1.5774735776816609,-0.8252215381960032,-0.721174166293857,0.8765719921663988,1.0339911280482172,-0.41252356515139127,-0.41206157421220946,1.1209466211903967,1.122562355956964,-0.3995054906413085,1.181426857555554,1.330752441281864,0.2673390579621379,1.3631554108926895,1.3462090458614675,0.33071240072006236,0.32321122427816207,-1.2287841652984504,1.752857456512577,-0.06972478861560227,0.37748087059357555,1.7727472228789198,1.7957541469714453,0.3493886812645914,0.37969209164417367,-0.8647497991144529,1.26499965210655,1.6707236936363565,-0.0591947808088976,1.6519374379337968,-1.516341485147592,1.2395222995555064,1.9427964018880002,1.719883222806011,-1.5373063219548213,1.6567197016698882,1.295506319252182
22,1.2599122684128437,0.29317119140138514,-0.1692062444040229,-0.42014627875534755,-0.3473382178881538,-0.2999376021843567,-0.7801368736113967,-0.7599273063651363,-0.5377895945572307,1.1814286330859773,0.08119672546237519,-0.46717110030286274,1.3243587278766003,1.3189158937188004,-0.5078461953438603,-0.5096921568254502,-0.1734706189395327,1.4610692149310558,0.050689347371471086,-0.3749585721161412,1.2567726954687022,1.257180910830119,-0.5050862639670697,-0.5039939657024018,-0.3684021010303407,-0.553986291239479,0.17345552069386191,0.3926246220483762,-0.5343881817448645,-0.5756873290461382,0.3950050739622966,0.33908128544442284,1.3673058047030366,1.4314025207669623,-0.5334251201201491,1.6747911305606018,-1.2352990752429882,1.1488369699280476,1.0635100785914564,-0.4432756417514139,-0.5199543818615481,1.5821540111948802,-1.8808207583448693,-1.231138507951655
23,-1.6391761579051853,-0.19725314227847604,1.471199998826804,0.25938233950888656,-0.07556313389137188,-0.1120419818953766,0.25172234304114327,0.23315961017900308,0.42335810586939004,-0.1993156532178435,-0.6845031451305053,0.02056795023440175,-0.21538304673723563,-0.21007260728542262,-0.008692024466676036,-0.005918874618148924,-0.8395378931490698,0.045673245922353924,-1.2336841238337548,-0.7532274143231268,0.18396233065424233,0.1712397953469204,-0.6474184137234955,-0.6554031046438142,0.5104269776566962,-0.14633777248099844,2.3570642412171035,0.3265118645630849,-0.1530997937609586,-0.11202611920218422,0.29088379878064397,0.34756071705425723,-0.027772504517840958,0.45551420418828503,-0.07506251639254617,-0.5641090419530879,0.06527854029636215,-0.1525284609811478,-0.006525215190726494,-0.22154964882342706,-0.1228600399034139,0.0863001621071604,-0.48760478290561166,0.15662523347209611
24,0.8515989502692706,0.395499880846307,-0.7423000624154518,-0.9325975912614064,-0.01987849495620357,0.03855079677998952,-0.9138789765706836,-0.928513593256183,-2.5706355684743007,0.9054215193681356,-1.8740727862616955,-0.10898510030143015,1.6741879088095972,1.6661667948706493,0.05946100110196394,0.05720744005905117,1.8182097853708437,1.49396677157086,1.5627144052249828,0.33474294089557666,0.992879702944803,1.0201997773489622,-0.01452475403182656,0.0031466162432372425,-0.4338743022196979,-0.04463560592985725,0.2393602973072833,0.3183995702707136,-0.059540116318791525,-0.039678263547289344,0.27166138359467223,0.30015635464075907,0.9981792972028443,0.5495071050443467,0.03963874955355598,-1.0053756989391434,-0.6739053925511257,0.5772935519437499,0.4957132279891298,-0.149028543159052,-0.08645167255597386,0.41354131590040766,-0.889611249461702,-0.0904636127666829
25,0.3825987638469424,0.19030950449567755,-0.21131432194547772,1.0290437359357916,0.7310933508407564,0.631542794674866,1.3873734140569505,1.2752644558518376,0.2234923989941767,-0.7277641258570837,-0.8680974508263766,-0.2619071915132365,-1.0320598046814367,-1.0312171575056033,-0.291259624468743,-0.29147229158747073,0.24965168633331541,-0.9339790940162904,0.9102091213800705,0.05329212910212703,-0.9305961818034783,-0.9335734666969605,0.07001596506265656,0.06700846503800936,0.2916881927533508,0.7696667916018961,-1.5612662483456263,-0.44230086134940816,0.7552263674598875,0.7846155908756152,-0.45007157934159653,-0.41875922896714096,-0.7848951401841833,-0.8996690617822921,0.7466376126322503,-0.9438778329190396,1.2754085525142105,-1.2675571163161417,-0.24449326403830718,0.802702089546424,0.6251893240165195,-1.4278021608412803,1.9592996342664324,0.958769054983612
26,-0.1528186689411426,0.03911251863565455,1.0882244503742797,-2.168452766861904,0.08380670589147499,0.042378533697234336,-1.5524157148618722,-1.6827761835701822,-0.549953052675067,0.1952746980290499,1.294499502725886,-1.6845557751744478,-0.3881861033674107,-0.38346212228630455,-1.5858676909466982,-1.5861506450345686,0.3275041302043988,-0.7044475847223534,0.3393265518303633,-1.3026025517496713,-0.4295779582800349,-0.4348447621747646,-1.0791708682595775,-1.0843414696016398,-0.08697755136046934,0.013538934374878957,0.4934393693994033,-0.23598416161302035,0.02111558014113558,0.05378945176513301,-0.22374408857505973,-0.18424453927982293,0.35182730542458807,-0.5582425402360519,0.09475600881343957,0.6524672553449153,0.10733444800842563,-0.07258371048829948,-0.3348030601604855,-0.09233189706377952,0.08420651125418761,-0.48866057612244634,-0.01146736741883502,0.7245480786996931
27,-0.7914813592206367,-1.0704006940542314,1.0634342073694962,-0.4394808310091485,-0.7912336869239326,-0.8174511874185375,-0.3816786212998081,-0.3452749403777986,0.7380839639974127,-0.8089098679775338,0.5680223627009652,-0.8954394449080701,-1.3130096516497167,-1.3163481344330643,-0.8674311567362929,-0.8703465224486707,-0.5638651023243431,-1.326365122862284,-1.4014320643188296,-0.6990544354468418,-1.603837011578864,-1.5922959781543709,-0.8232769562795352,-0.8191481012422732,-0.09300078146489728,-0.6216347709405914,0.21496457883682446,-0.2654273682526331,-0.5803434077126223,-0.6427507999220146,-0.1984084722470193,-0.2822685312948695,-0.822463200358931,-1.142185202575388,-0.6712829351838406,-0.3859549777896235,0.17113830977417793,-0.13932734277564096,-0.963770597237849,-0.6607900980693716,-0.7763993554163524,0.24567612720636312,0.6042734424345505,-0.7121365394428725
28,0.2749848487569239,-1.1099167168802577,-0.15207305561009016,-1.7596837862368897,-1.197054744835739,-1.2250944585683234,-1.6574367482420902,-1.6695841654536432,1.211783695109034,-0.044330715033461345,0.43489800990553396,-1.7314866465249212,-0.7059957337517274,-0.7027860866351023,-1.6278812824802271,-1.6287756880066364,-0.726405941097034,-1.458217553201537,1.1157137717695074,0.9357886348072134,-1.2483353836320734,-1.2595865608633168,1.0964416764477696,1.0875878781589063,-1.4485387686921305,-1.166217798886293,0.15008187990887156,0.3693854939010815,-1.1539290192719147,-1.1273249696760599,0.3744038612494331,0.41622016490156544,-0.00037343177710909964,-1.5126858320572987,-1.2356472122217603,-0.9728334894721115,-1.0103899935107095,1.0135825461489958,-1.233992319644243,-1.0677638170516435,-1.0960449080624952,0.8548046763377497,-0.1387843578862866,-1.1751143468480285
29,0.32239435482174517,-0.3669229274797951,0.019947959881935942,-0.26017242501470944,-0.14089702331000215,-0.19084412999846376,-0.08457245284556851,-0.12651074834812842,-0.3055454280104558,-0.42044054391022734,-1.2717891842672395,-0.8379851418553348,-1.090500665925707,-1.0823835745713808,-0.9416007487058147,-0.9394701157634354,-1.0450915635019182,-1.2969673614912107,-0.28526117435852927,-0.04209017165413238,-1.1329902429040553,-1.156852460141627,0.10200474899991192,0.08391317519847777,1.8361232527826128,-0.07495087016492967,-0.46680296568479274,0.500029428787533,-0.13358591915286766,-0.0894536052921072,0.3854182534277085,0.44716496496086555,-0.4907096952972384,-1.0435104447004737,-0.05478602131738023,0.1158991969233898,0.32346176828430595,-0.3523296873513835,-0.7886119584751292,-0.12441773384461853,-0.1749280309287543,-0.6784751736397152,1.1203258886275087,0.3455766945965491
30,-0.139712238220011,-0.9424820698224121,0.4499661748906194,-0.2180676766144212,-1.0602124427017283,-1.026557384848586,-0.5858562364734655,-0.4709734679773175,0.27054312226289967,-0.12375907868086665,-1.3037217027103767,0.020184673472292344,-0.3115771055100075,-0.3104139213027283,-0.1054390676202622,-0.10489713983942052,0.044729905640487504,-0.8268034323342507,0.9939674933651562,-0.3582957372861919,-0.7809225938804659,-0.7651598380067622,-0.299346128354714,-0.2903735301962491,0.25254508160733474,-0.8787538339687966,-2.032850280113328,-1.0322172320257665,-0.8614799126519826,-0.8694463319953485,-0.9516906044572977,-0.9678415339260328,-0.335371637409016,-0.948988722296689,-0.9454550997234056,1.5780529143492028,-0.8026926239715573,0.741887788923932,-0.8186094576497642,-0.9426546471347855,-0.9905599521761554,1.0073247589000693,-0.484100765705163,-1.1984730188630117
31,-0.7145899064338803,-1.0080797380880921,0.941067164068149,-0.29067612872181336,-0.9777359798371428,-0.86808245997515,-0.5080680718673214,-0.32484306411874597,0.3139466291450797,-0.7153199722873663,1.025819430246003,-0.6118236156904532,-0.665725864895695,-0.6636193283923103,-0.39987084744731566,-0.3994211040000676,0.08797343468702926,-0.34232048259826553,-0.9722985581377445,-1.6910198486427188,-0.4963662637939217,-0.4928505776884022,-1.6954683121801417,-1.6969185881759534,0.5284954625948936,-0.6763177239904872,2.0846962451112065,0.8980968579441654,-0.6412349249356079,-0.6387946809225923,0.8994288871220028,0.9079817650166069,-0.6367439221897959,-0.0008869984640838597,-0.6332894438437013,-0.8931176895373667,-0.29639122704172055,0.15411091779718653,-0.6190219501938768,-0.7834598450084468,-0.9298103223331008,0.9304108698164555,-0.13307105935123417,-1.289506828263346
32,-0.05547678498392939,-1.5237124917390503,-1.080982452698329,0.2452857079008002,-1.1586496873573569,-1.1598155752487733,0.04368637092647493,0.19223471173797715,0.9503090498384184,-1.188198709003736,-0.20784327252282073,-0.745213672439028,-1.6626581290584836,-1.659413252799383,-0.6836610245897126,-0.6834634450020023,1.3049016414966719,-1.479089914573089,-2.2537519299826148,-0.503382191796335,-1.4533860722545937,-1.45380449045612,-0.43319537302728456,-0.4360680691642637,-0.9845700000706175,-1.1610705404932002,1.286887837404509,0.5953626507107882,-1.098829816747392,-1.1357237418732244,0.667445026454637,0.6106589470943696,-1.4645181322012752,-1.4497510889641232,-1.235214597716592,-0.40666265944575974,-0.021040690153054126,0.013191670296312205,-1.5303524030974835,-1.0868132886946673,-1.0134399440379578,0.4217849947045038,0.013981093289646513,-0.6277633311940245
33,-0.5634819592126555,-0.5781229961011374,-0.41546214781732094,-0.9527691295204942,-0.4856063721993383,-0.4777619971672385,-0.7783459001279223,-0.7754148702601151,-0.2850151004131238,-0.24361824771297097,-0.26934382759132997,-1.3496354402313375,-0.200481249497257,-0.20144064262753544,-1.073146091992654,-1.074601721099584,-0.446969153907456,-0.5445421459538754,-1.2200299102287429,1.6802058504034907,-0.6836425147325181,-0.680679135691405,1.502868692307244,1.5070704820762548,0.13842151804584593,-0.45739892153197853,-1.0041694635747378,-0.060803248320407115,-0.44189979932302986,-0.4884947130224813,-0.04143856906873027,-0.10291737104391424,-0.13341003465666806,-0.6912589766289128,-0.4520240443348236,0.4861915911992453,-0.0926796131332926,0.05115428914259709,-0.26242743431420096,-0.5716431525878073,-0.48896849286727373,0.5489381200047946,-0.8277956452125824,-0.3253014438937994
34,0.2690870643032194,-1.237235883937528,-1.9719311323857767,0.8723870533954592,-1.1543502765813232,-1.0965838120383724,0.26558274078671934,0.5001293350073865,1.6827734851661946,-0.7844644999580203,0.15901007370789483,0.00861582491556498,-1.0183734082020253,-1.0142900933790984,-0.030811614515762087,-0.02894099388555799,-0.06794049006131415,-0.18955629863760673,-0.5512662664672805,1.3006153478251679,-0.2813466089289894,-0.2652922845206688,1.171925525915674,1.1858394622695956,-0.03260201822695745,-1.1192678738536983,0.5220740320058891,1.1193352942780725,-1.0604274532839335,-1.0701879666116412,1.1608386423699693,1.1494626018771523,-1.22325847793198,-0.22999188843546117,-1.1617373918456826,-0.0591947808088976,-0.5907167956564325,0.4825797182967566,-1.1483807787985147,-1.0434987427419948,-1.0523161630277675,0.8617237228623603,-0.2953773008419548,-1.0942635085057726
35,-1.6988127396394208,0.424159734654567,0.4065018307044629,-0.858727698986596,0.5408180043095956,0.6181577496020566,-0.4275442830657408,-0.45029550049015266,-0.6392462219687828,-0.8941092398289772,-1.0991522614688038,1.9896186198099006,-0.4382608677758464,-0.44804896299940744,2.1010674990649454,2.095932589915321,-0.1142041055080777,1.3823151886947318,-0.8394470168689021,-0.06275906850489572,1.1267916473202368,1.1400748157946656,-0.24054351333312785,-0.23173857862826705,0.19245269193186165,0.8589829083871434,1.911230000315531,-3.6574415391652977,0.6452514261013955,0.6779377740936732,-3.6031374745908367,-3.600681801542272,-0.9635430593587729,1.295855688293466,0.9047156196522079,0.03324395912643937,1.1290332103799852,-1.1129406836471474,1.1567954432048877,0.775026790052887,0.6377672809077456,-0.3555763611092079,0.27874978193952216,0.3603552963047594
36,0.4198008321455456,0.24125974736415118,-1.1341966939921988,-0.5290151906649947,0.20782921354987752,0.1857794646224797,-0.3497283209966788,-0.4153905062922398,-0.7547688376911842,0.47651944327659046,-1.2267784443242051,-0.40264427979170037,0.3392418852391059,0.340254206724357,-0.4880937876703933,-0.4878569578085873,-0.4178074771122317,-0.31351909512746623,0.9019624952637423,-0.3892806572899088,-0.5187759063800779,-0.5022171491283209,-0.4988651372494026,-0.48982664801641296,1.4067609346545118,0.10172880245107467,-0.6025334724684882,0.26307846892633313,0.17826711661222835,0.1669544082946661,0.33244455815698293,0.321912593433624,0.631108672769952,-0.36552910654882925,0.20213150984651995,-1.0032698330080108,0.015185494071949279,0.03634246583265013,-0.3446713632644928,0.14076521158964522,0.09595017821274245,-0.6994939725946294,0.9126917999393663,0.4971368599541485
37,0.5399982418942334,-0.4491650868589182,0.8666775828138281,0.6347843407351582,-0.33115542229437206,-0.35232898648489164,0.44228967809199915,0.47951828690105414,0.017311128926431666,-0.20731385532465416,1.652156586255792,-0.01258717127845375,-0.3790265849054831,-0.3754419310920897,-0.11056084797934768,-0.1088600516198355,1.5517183145748417,-0.8419330581256499,-1.2526874422997372,0.3728405632444986,-0.39218805335804247,-0.41636907459738476,0.6900728964254897,0.6738027524650386,-0.11389501253552205,-0.3637870752430923,-0.957075350665154,0.6245456786626237,-0.31567400414572416,-0.3287495205486089,0.6507540764593485,0.6367739554729435,-0.1412288052314822,-0.6522230641993743,-0.2884428557370101,-0.28842706185404976,-0.029678145719762905,0.01129949172665821,-0.3396616074670143,-0.4025766775653006,-0.45055533767108114,0.2568563683232406,-0.025189838035258833,-0.36270241534279973
38,0.18498313388880006,0.7087576710381335,-0.013260912173537363,1.1440016590767565,1.1194644108296135,1.1348592807443878,1.4798407134483769,1.445552508877449,0.6069216059695466,-0.43728248884338566,-0.2834961375214139,0.3041460492165375,0.026708724032928736,0.022729501930932844,0.5212147354074054,0.5199417514337219,0.6756647800594251,0.6297729233453411,0.32414904691410507,-0.4998381674504738,0.6110315278605536,0.5992400763616003,-0.508060484025324,-0.5146433763325644,1.280865837846397,1.050168668442943,-0.08057202138470103,1.0227610852376445,1.1536862722812307,1.1385937815465417,1.0658363650340044,1.0578041340788487,-0.34111244561013804,0.7408667646483639,1.087804999907188,-0.0591947808088976,1.1763253615312708,-1.1144328945702235,0.6841966364926133,0.9435943934584703,1.0948185062334443,-1.0697401048509119,0.4418076864246121,1.3147480763919803
39,-1.0301773620012087,-0.7837166408605728,0.35541386699401906,0.11079029906556725,-0.9772458488251978,-0.9750604124779535,-0.38084306348042185,-0.29160244052248446,0.2202743922401454,0.13272454760426136,0.910914833369831,-0.19343860532600696,-0.4515603002553995,-0.4485610929561411,-0.4855276529638601,-0.4847077718729746,0.12571774092789226,-0.37591201096249865,1.1057791654824691,0.9255096689697464,-0.4525831557133078,-0.43945004258778664,0.8311806594357563,0.8418255349156746,0.34914376212323633,-0.9818376593478395,1.138776726947396,0.7534008442120919,-0.9562065485523693,-0.9660574409911054,0.75501612437376,0.7425865426359826,0.011448444317156768,-0.3442142589176556,-1.043118159253597,-0.43706609882648517,-0.9835677344362985,1.04377171640454,-1.3556802265125456,-0.9317909711548927,-0.8934996971949356,0.2752302286872278,0.19519044765448976,-0.5177853349612614
